0 205 16711680 0 0 0 
0 0 16777215 0 32768 0 
32768 0 16711680 0 16776960 0 
0 205 0 0 16776960 0 
0 0 0 0 16711680 0 
32768 0 0 0 16776960 0 
0 205 0 16747520 16776960 0 
0 0 0 16776960 16711680 0 
32768 0 0 16747520 16776960 0 
0 16747520 205 0 0 0 
0 0 205 0 0 0 
16711680 0 205 0 0 0 
0 16776960 0 0 0 0 
0 0 0 0 0 0 
16777215 0 0 0 0 0 
0 16747520 0 32768 0 0 
0 0 0 32768 0 0 
16711680 0 0 32768 0 0 
0 205 16711680 0 0 16777215 
0 0 16711680 0 0 16777215 
32768 0 16711680 0 0 16777215 
0 16776960 0 0 0 16747520 
0 0 0 0 0 16747520 
16777215 0 0 0 0 205 
0 205 0 16747520 0 16777215 
0 0 0 16747520 0 16777215 
32768 0 0 16747520 0 16777215 
